163841083812606592  61.6518  27.5997  5.1445 0.0006  8.07 0.11  -0.1494   0.0000   21.15 0.14  -51.79 0.07 1.23  17.4   3.4 10.9 2.16   6.1 
 119006092005322112  51.2042  28.6523  7.1103 0.0004  9.74 0.04   0.1496   0.0001   29.26 0.05  -57.95 0.04 0.85  35.8   0.4  9.2 2.29  14.8 
  62890175323180928  50.0887  23.6890  7.5496 0.0003  9.62 0.03   0.3076   0.0001   29.63 0.03  -58.04 0.02 0.14  34.2   4.5  1.3 0.33 100.3 
  62413988007668352  49.4574  22.8320  7.5794 0.0002  7.48 0.02   0.3884   0.0003   23.07 0.03  -44.76 0.02 0.29  16.0   5.0  6.9 0.29  48.0 
  65292234570088064  56.1073  24.3945  8.1218 0.0003  8.03 0.02   0.3834   0.0005   21.95 0.03  -49.20 0.02 0.19  11.2   3.4  1.2 2.35   4.7 
 136347211441563136  43.5371  32.3360  8.1518 0.0004  7.23 0.04   0.3007   0.0004   24.58 0.03  -42.01 0.03 0.59  34.0  -1.0 12.8 0.61  50.7 
3229690616319232640  72.3796  -0.6318  8.4444 0.0001  6.60 0.02   1.1659   0.0013   11.91 0.02  -36.06 0.02 2.09  73.6  21.6  4.8 2.33  30.8 
  70347033119553408  56.3126  26.8913  8.5493 0.0004  6.55 0.03   0.3565   0.0005   17.60 0.03  -39.85 0.02 0.69  18.3   6.3  1.1 1.92   9.3 
 479937379577969792  79.7768  64.5393  8.8540 0.0002  6.08 0.02   0.4938   0.0017    7.47 0.01  -36.47 0.01 1.35 113.5 -11.9 13.6 1.66  66.4 
  71296667568555904  54.0353  27.3428  9.2155 0.0005  7.78 0.02   0.7591   0.0005   21.97 0.03  -47.90 0.02 0.26  11.8   3.6  4.6 0.33  31.9 
   3763976194792448  45.2768   5.0064  9.2792 0.0002  7.95 0.02   0.7205   0.0012   24.53 0.02  -45.73 0.02 2.30  50.9  12.4  7.7 2.30  21.4 
2884080885842578176  89.4617 -38.0676  9.3530 0.0011 13.75 0.04   0.9150   0.0002    5.81 0.05  -19.37 0.05 1.13 129.4  32.2  9.8 1.15 109.8 
  64317998547641344  55.6001  21.4733  9.7122 0.0002  7.84 0.02   0.7113   0.0023   21.14 0.02  -47.94 0.02 0.39  10.5   6.3  5.4 0.87  10.1 
 123561334319267328  48.6034  31.8804  9.9358 0.0012  9.09 0.02   0.8191   0.0003   27.65 0.02  -54.51 0.02 0.81  34.2  -0.5  8.6 1.14  28.3 
2569833036623574912  30.9437   9.0854  9.9546 0.0003  7.78 0.05   0.7538   0.0039   29.39 0.07  -43.64 0.05 1.60  66.1   6.4  7.6 1.62  39.7 
  59661291925385600  48.9759  20.4540  9.9612 0.0006  9.78 0.02   0.8419   0.0009   29.51 0.02  -59.11 0.02 0.89  37.3   4.6  1.9 1.75  20.8 
 996432721909716352  93.5585  53.1359 10.2293 0.0011  8.73 0.01   0.9009   0.0005    2.27 0.01  -56.82 0.01 1.76  88.1  -6.2  4.7 1.78  48.4 
  68409487473090688  54.3955  24.2364 10.4436 0.0004  6.39 0.02   0.8421   0.0018   17.95 0.02  -39.38 0.01 0.25  21.5   7.0  3.6 1.54  13.5 
3456831782836158464  89.7484  36.9269 10.4729 0.0003  5.55 0.02   0.7377   0.0019    2.06 0.02  -37.85 0.01 0.53  94.6   3.2  9.7 0.72 127.3 
3282264001022709248  69.4646   5.0521 10.5373 0.0005 10.37 0.04   1.0546   0.0019   19.83 0.05  -58.64 0.04 1.00  59.7  17.1  6.0 1.15  50.7 
3380124594641007360 104.6423  23.1794 10.6117 0.0002  6.30 0.02   0.7552   0.0091   -3.48 0.02  -40.96 0.01 1.76 111.6  11.1  8.8 2.10  51.8 
3321229082499932416  86.4685   6.0039 10.7147 0.0002  8.30 0.01   0.9220   0.0048    6.15 0.01  -47.70 0.01 1.38  75.9  19.0  6.0 1.38  53.5 
 201861710567564800  74.3889  41.6517 10.7198 0.0004 12.15 0.17   1.2783   0.0017   20.21 0.23  -79.03 0.17 1.35  67.9  -1.9  0.9 1.73  38.4 
3337984505837382528  83.6526   9.8282 10.8249 0.0002  6.21 0.02   0.9425   0.0085    6.10 0.02  -36.93 0.01 1.32  79.2  17.8  3.1 1.57  49.2 
  51674920499533184  58.8832  21.0793 10.8812 0.0009  8.15 0.02   0.9722   0.0011   21.71 0.02  -50.51 0.01 0.58  15.4   7.1  3.6 1.11  13.2 
  64743646986745600  56.1654  22.1131 10.8851 0.0004  6.89 0.04   0.9950   0.0026   19.48 0.05  -42.90 0.03 0.68  10.7   9.1  3.9 2.30   4.2 
  70190249631846272  55.1495  26.1512 10.9660 0.0007  6.61 0.02   0.9075   0.0017   18.34 0.02  -40.73 0.01 0.17  16.7   5.1  1.9 0.50  32.4 
  52035251073077120  62.1323  20.9379 11.1027 0.0007  6.58 0.03   1.0170   0.0021   16.45 0.03  -40.96 0.02 0.79  22.1   9.7  3.9 1.27  16.8 
2285124778469814912 327.0486  79.2174 11.1132 0.0004 10.01 0.01   1.1305   0.0031   33.59 0.02   16.59 0.01 1.63 132.2 -25.6  2.5 1.73  74.7 
  49809495943068288  59.4573  18.5622 11.2022 0.0007  7.70 0.02   1.0255   0.0019   20.24 0.02  -47.21 0.02 0.59  15.3   9.1  7.9 0.64  20.0 
2807539376010425728   8.5353  25.3968 11.2258 0.0012 20.10 0.04   1.6700   0.0004   82.97 0.05  -97.36 0.03 1.99 105.4  -9.6  7.3 2.24  45.9 
5104444218979751936  48.9106 -18.4187 11.2517 0.0003  6.62 0.02   0.9531   0.0095   20.46 0.02  -27.33 0.02 1.53 106.6  23.3  7.8 1.76  59.0 
5270970237170303360 123.5322 -68.3857 11.4101 0.0004 23.84 0.01   1.9225   0.0051  -47.67 0.01   37.41 0.02 1.80 151.6  30.4  5.4 2.07  71.5 
 208988538778178432  82.0683  46.3619 11.4724 0.0002  7.49 0.02   1.0661   0.0087    8.35 0.02  -48.66 0.02 1.77  70.0  -2.5 11.0 1.82  37.1 
3444470798237133696  85.2460  30.1504 11.5610 0.0005  8.52 0.03   1.1384   0.0064    9.10 0.03  -57.00 0.01 2.14  59.7   6.2  6.3 2.15  27.0 
  67680850564641792  53.3080  23.0062 11.6904 0.0010  7.94 0.01   1.1513   0.0020   22.73 0.02  -48.60 0.01 0.31  12.3   5.5  2.0 0.50  23.8 
2808451627064095232  11.2511  26.5691 11.8794 0.0008 20.22 0.03   2.0594   0.0038   85.18 0.04 -100.23 0.02 1.51 103.6  -9.0 14.0 1.77  56.8 
2573711018430094592  25.8854  11.3198 11.9159 0.0003  7.70 0.01   1.1363   0.0131   30.84 0.02  -42.35 0.01 1.15  73.2   3.7  7.1 1.18  60.7 
  43733079289895424  56.5585  17.1544 12.0162 0.0014 18.58 0.02   2.0401   0.0021   49.66 0.03 -111.75 0.02 0.27  82.6   7.6 11.1 1.86  43.0 
 111721552594418304  47.4008  24.9066 12.1180 0.0011  7.98 0.01   1.2898   0.0042   24.32 0.02  -47.71 0.01 1.02  21.9   3.1  0.7 1.11  19.3 
3444519000653099648  85.1534  30.2241 12.1240 0.0003  8.58 0.02   1.3461   0.0162    8.89 0.03  -56.46 0.01 2.03  59.7   6.1  9.1 2.04  28.2 
  84945111561997056  40.5859  20.0108 12.3554 0.0026  7.66 0.06   1.4430   0.0031   25.63 0.06  -44.42 0.05 1.31  36.2   4.1  6.6 1.31  26.6 
 379071236564990080   8.1267  38.8714 12.5009 0.0003 16.26 0.02   2.0586   0.0225   66.63 0.02  -68.12 0.01 2.14 100.4 -14.6  1.8 2.30  42.6 
 135287316592202880  46.1068  31.2006 12.6249 0.0019  5.46 0.03   1.3023   0.0025   17.42 0.03  -32.24 0.03 0.79  57.5   1.5  1.7 1.64  34.2 
 118010205052095104  51.0122  27.0635 12.6856 0.0025  8.04 0.02   1.4959   0.0022   23.24 0.02  -48.83 0.02 0.79  17.6   2.7  4.5 1.02  16.4 
 163647015711395584  59.6864  27.3953 12.7287 0.0004  7.04 0.02   1.4954   0.0149   19.20 0.02  -43.18 0.01 1.30  12.1   5.8  2.2 1.57   7.4 
  84885871077106176  40.6199  19.7783 12.7782 0.0016  7.99 0.14   1.5237   0.0035   27.18 0.23  -45.94 0.16 1.02  36.8   4.1 13.4 1.04  32.2 
 117215807902051200  50.7905  25.6993 12.7826 0.0009  7.54 0.01   1.4933   0.0063   23.01 0.01  -44.68 0.01 0.72  13.5   3.6 12.3 0.81   6.5 
  69485978075890176  53.6850  26.0958 12.8769 0.0034  6.91 0.02   1.4556   0.0018   19.88 0.02  -42.22 0.02 0.21  12.2   4.7  4.2 0.36  31.3 
  71452282823829632  54.4462  28.0658 12.9138 0.0011  7.16 0.02   1.4977   0.0056   19.62 0.02  -44.53 0.01 0.52  11.4   4.4 10.2 0.99   5.0 
  52798204769096960  63.1966  22.3867 12.9467 0.0017  6.14 0.02   1.5566   0.0041   14.06 0.02  -38.20 0.01 0.13  31.6   8.7 12.8 0.54  52.7 
  46438771249859840  61.2180  17.4643 13.1547 0.0007  7.54 0.10   2.0519   0.0152   18.63 0.11  -46.35 0.06 0.59  18.7  10.2  0.3 0.59  30.9 
4900997562402606208   7.6057 -62.6013 13.2298 0.0021 22.54 0.02   2.9934   0.0068   96.46 0.02  -52.38 0.02 1.90 146.4  23.1  2.5 2.06  69.4 
 272469808980344704  69.2985  51.4179 13.3551 0.0005  7.55 0.05   1.7939   0.0568   15.30 0.05  -45.70 0.04 2.14  67.1  -6.2  0.7 2.19  30.0 
 118057488348669056  51.4917  27.6094 13.3688 0.0024  7.96 0.26   1.8977   0.0055   22.53 0.30  -48.29 0.25 0.95  16.7   2.4  5.1 1.17  13.3 
  69370941672125184  53.2144  25.5793 13.3812 0.0011  7.71 0.19   1.7677   0.0079   22.31 0.23  -45.87 0.17 0.87  10.1   3.4  6.9 1.40   5.1 
 143456791066601216  44.0868  39.3457 13.4088 0.0009  5.17 0.02   1.4475   0.0044   17.32 0.02  -29.23 0.02 1.04  78.0  -2.8 11.2 1.92  39.3 
  71351883668034048  54.1695  27.8322 13.4126 0.0015  7.22 0.02   1.7107   0.0074   20.55 0.02  -44.27 0.01 0.25  10.8   3.7  2.8 0.26  39.4 
  64009448097245440  57.1064  22.2114 13.5710 0.0023  6.54 0.02   1.6808   0.0055   17.35 0.02  -40.58 0.01 0.35  17.9   8.6  2.2 1.56  11.1 
 149943428633879296  64.0837  24.6137 13.5906 0.0003  7.06 0.02   1.9094   0.0499   17.39 0.02  -45.18 0.01 1.27  17.3   7.7  5.7 1.40  11.4 
5333999294575150080 174.7566 -62.7541 13.7508 0.0003 12.06 0.04   2.2978   0.0479  -51.33 0.04  -20.69 0.04 1.26 194.7  24.8  8.0 2.18  87.2 
  63102694601689728  56.7659  20.1957 13.7853 0.0013  7.69 0.02   1.9373   0.0144   21.45 0.02  -46.97 0.02 0.47  10.7   7.3  8.5 0.82   7.7 
  71404385348752768  55.2957  28.0112 13.8044 0.0005  7.24 0.02   2.1479   0.0361   19.94 0.03  -44.78 0.02 0.24  10.1   3.8  5.4 0.25  33.3 
 796443724462555904 147.7685  35.9685 13.8044 0.0007 29.42 0.02   3.0889   0.0320 -100.90 0.02 -171.57 0.02 1.58 132.2  -4.1 12.3 1.58  81.5 
  71693556907673088  57.0969  28.6597 13.8100 0.0012  8.36 0.02   2.0343   0.0130   22.49 0.03  -51.73 0.01 0.37  19.0   3.2  0.8 0.66  28.3 
  11352324413414016  52.8605   7.7963 13.8305 0.0004  8.42 0.04   2.1558   0.0520   24.17 0.05  -50.15 0.04 1.98  40.6  12.5  1.4 2.06  19.2 
  67285614792891264  58.6401  25.6786 13.8594 0.0017  6.81 0.17   2.2217   0.0171   17.66 0.21  -41.93 0.12 0.40  12.6   6.6  3.4 1.11  10.7 
1569173968111856384 189.2682  52.8317 13.9303 0.0004 15.14 0.02   2.5482   0.0518  -64.90 0.01  -44.17 0.01 1.60 153.7 -19.9 14.5 1.82  82.4 
 458265283848540160  34.6921  56.3090 13.9413 0.0002  5.78 0.02   1.7251   0.0783   21.36 0.01  -26.02 0.02 1.80 101.8 -12.4  8.1 2.31  43.0 
5376122512726479744 171.4476 -44.1744 13.9671 0.0025 21.58 0.26   2.8677   0.0125  -90.90 0.18  -65.20 0.27 1.24 166.1  21.4  8.3 1.84  88.3 
2909445897541101440  90.1056 -28.9382 14.0120 0.0005 12.95 0.01   2.4895   0.0533    4.45 0.01  -31.96 0.01 1.08 120.6  30.8 10.3 1.09 107.8 
  51783737790828800  59.0358  21.7631 14.1184 0.0014  5.88 0.02   1.8221   0.0136   15.34 0.03  -36.24 0.02 0.29  35.5   9.4  4.6 1.70  20.2 
  53758254515062784  62.5159  23.8120 14.1812 0.0013  6.97 0.02   2.0501   0.0194   18.04 0.02  -42.64 0.02 1.48  15.1   8.5  7.0 1.89   6.9 
  53105728725582976  61.7335  22.0344 14.2168 0.0011  7.34 0.02   2.1346   0.0221   18.05 0.03  -46.29 0.02 0.66  12.1   8.1  4.8 0.66  16.4 
 110599019942569856  48.5757  23.6493 14.2174 0.0005  9.20 0.02   2.3346   0.0460   28.36 0.02  -55.05 0.02 0.55  31.3   3.6  3.5 0.99  30.7 
  46922075328601216  62.8063  18.2194 14.2223 0.0009  5.93 0.02   1.9004   0.0212   13.83 0.03  -36.19 0.02 0.16  39.3  10.6 12.4 0.40  91.0 
  57036757670988288  56.0497  19.3052 14.3192 0.0012  6.83 0.02   2.0769   0.0226   18.97 0.03  -41.40 0.02 0.18  16.0   8.7  9.9 0.39  31.3 
 111403828093371392  49.0161  25.1964 14.3393 0.0013  9.91 0.02   2.4446   0.0242   30.21 0.03  -59.28 0.02 0.63  37.7   2.5  4.0 1.44  25.4 
  63034902838166272  50.4636  24.2807 14.3474 0.0011  7.67 0.02   2.1923   0.0356   23.16 0.03  -45.73 0.02 0.50  14.2   4.3 10.5 0.57  16.4 
  71873842454589568  55.2336  28.7274 14.3485 0.0013  6.95 0.02   2.0599   0.0197   19.56 0.03  -42.62 0.02 0.43  14.3   3.7  5.2 0.57  23.0 
 111019720578786560  49.4548  24.3478 14.4413 0.0008  7.17 0.05   2.5801   0.0545   21.14 0.06  -43.10 0.05 0.95  16.3   4.6  1.2 0.99  16.1 
  68475767408245632  53.7712  24.5120 14.4421 0.0009  6.70 0.03   2.0917   0.0258   19.28 0.03  -41.03 0.02 0.05  15.2   5.3  4.7 0.15  92.8 
1963946917924900224 319.3174  37.2520 14.5771 0.0003 14.97 0.02   2.4851   0.1153   44.31 0.02  -34.70 0.02 1.78 141.7 -26.0  1.4 1.89  73.5 
  64346070453848320  55.6486  21.8414 14.7106 0.0007  8.00 0.02   2.3744   0.0575   21.51 0.03  -49.78 0.02 0.69  12.2   5.7  1.2 1.46   8.1 
 244473734676994432  56.4330  44.6280 14.7731 0.0005 10.46 0.03   2.5742   0.0772   29.60 0.03  -61.35 0.02 1.75  57.1  -5.9 14.6 2.13  25.3 
  63838886357191936  58.0770  22.0147 14.8326 0.0006  6.66 0.03   2.2684   0.0551   17.87 0.03  -41.45 0.02 0.48  15.6   8.6  1.1 1.31  11.7 
  67376633739588352  58.0550  26.1958 14.8562 0.0007  7.89 0.04   2.4389   0.0678   20.90 0.04  -48.49 0.03 0.47  10.5   4.5  1.0 0.88  11.6 
  69349535555140608  53.4085  25.3379 14.8859 0.0009  8.10 0.03   2.6964   0.0656   23.30 0.04  -49.93 0.03 0.23  14.3   3.9  6.9 0.84  14.6 
  70085929172184704  56.9862  26.5308 14.9674 0.0012  6.82 0.16   2.4556   0.0096   18.77 0.22  -42.10 0.14 0.40  12.5   6.0  4.2 1.20   9.6 
 971182716552560768  95.2015  50.5006 14.9765 0.0005  6.95 0.03   2.2636   0.0572    1.31 0.03  -45.81 0.02 1.94  95.2  -4.1  0.5 2.13  43.6 
2807540170579701120   8.5835  25.4702 15.0581 0.0008 19.67 0.23   3.2405   0.1150   84.60 0.31  -94.78 0.17 1.16 104.8  -9.1 11.4 1.30  78.2 
3338897130550937344  81.7580  10.0436 15.0599 0.0003  8.63 0.03   2.4844   0.1052   10.34 0.04  -52.87 0.02 2.07  63.2  16.5 12.5 2.08  29.1 
  71262410909499264  54.6128  27.2705 15.1208 0.0010  7.79 0.04   2.5409   0.0740   21.26 0.04  -47.13 0.04 0.82  11.2   3.3  1.0 1.06  10.3 
3397572023108777984  85.0632  18.0048 15.1322 0.0004  8.49 0.04   2.4686   0.0997    7.02 0.04  -53.43 0.02 0.94  61.9  12.8  9.9 0.94  63.5 
  63004013433406208  49.9828  24.0082 15.1846 0.0007  8.71 0.03   2.6439   0.0829   26.33 0.04  -52.41 0.03 0.44  24.8   4.0  2.9 0.77  31.3 
5562089889361968384 103.4375 -44.0034 15.1865 0.0009 10.60 0.02   2.8761   0.0864   -5.96 0.03   -9.25 0.03 1.94 151.9  33.2  5.1 2.21  67.2 
 118159193173934848  51.8394  27.8642 15.2323 0.0012  7.18 0.04   2.5670   0.0740   21.23 0.04  -43.20 0.04 0.59  14.3   3.3  6.2 0.63  20.0 
 167982634875013248  58.1940  30.0011 15.2844 0.0004  6.97 0.03   2.4717   0.0953   17.85 0.04  -43.50 0.03 0.40  16.6   3.6 10.6 0.53  23.7 
3011398559904042368  89.7054  -9.7632 15.3211 0.0004 13.98 0.03   2.6510   0.1191    7.88 0.03  -64.91 0.02 2.28 101.2  24.9  7.4 2.34  42.2 
  68536549785807232  54.0680  25.1468 15.3305 0.0050  8.31 0.63   2.6818   0.0626   23.58 0.74  -50.18 0.62 0.51  16.5   3.0  4.7 2.01   7.7 
 194821644991527424  80.3584  40.8005 15.3583 0.0006 14.93 0.04   2.9246   0.1232   18.84 0.05  -98.33 0.03 1.55  80.9  -1.3  4.0 2.13  37.2 
  52942004571647872  60.2877  21.1278 15.3955 0.0006  5.91 0.04   2.4591   0.0817   15.08 0.05  -36.57 0.03 0.43  35.5   9.7  3.9 1.53  22.6 
 119400851039785600  53.6932  27.9256 15.4079 0.0012  7.25 0.04   2.6385   0.0375   20.79 0.04  -44.01 0.04 0.53  11.4   3.6  4.2 0.55  18.9 
  68404711469410432  54.0803  24.1810 15.4124 0.0009  8.49 0.03   2.6856   0.0653   23.66 0.04  -51.54 0.03 0.46  18.7   3.7  2.9 1.75  10.3 
 477702965791886080  72.4060  61.7131 15.4556 0.0004  6.92 0.03   2.2393   0.1589   11.70 0.02  -40.52 0.02 1.61  94.2 -11.0 12.6 1.78  51.4 
  67034994860213888  59.4195  25.2677 15.4632 0.0008  6.71 0.05   2.5566   0.0635   17.22 0.06  -41.71 0.03 0.25  14.9   6.5  1.8 0.61  23.9 
  50856471531291648  58.8069  19.5045 15.4758 0.0007  7.58 0.04   2.7026   0.0906   20.11 0.05  -46.49 0.03 0.46  12.3   8.6  7.4 0.49  19.5 
3411996138194329984  72.7850  21.4494 15.4864 0.0006 12.59 0.04   2.6841   0.0984   21.25 0.05  -79.70 0.03 0.53  62.5   9.3  6.8 0.94  64.4 
  64757425241820800  56.1294  22.2540 15.4954 0.0011  6.89 0.05   2.6357   0.0838   18.89 0.06  -42.64 0.04 0.36  10.6   7.6  1.4 0.86  12.0 
3260114858974297088  61.4944   2.7559 15.5361 0.0004  5.18 0.04   2.3606   0.1282   12.40 0.04  -28.37 0.04 0.85  83.9  18.4  8.2 1.43  57.3 
  51505217751483392  59.8812  21.2716 15.5404 0.0010  7.95 0.05   2.6801   0.0655   20.00 0.06  -48.89 0.04 0.10  13.6   7.8  8.8 0.28  36.9 
 117857755189714048  52.8614  27.3266 15.5433 0.0011  7.21 0.05   2.6129   0.0733   21.03 0.04  -43.60 0.04 0.48  11.7   3.7  6.1 0.51  19.2 
  71309655549854080  53.5922  27.3958 15.5603 0.0007  7.57 0.04   2.7573   0.0857   21.89 0.06  -46.55 0.04 0.09  10.7   3.7  3.2 0.09 108.2 
  50940034414875392  58.3782  19.9066 15.6071 0.0005  6.95 0.04   2.6255   0.0851   18.91 0.05  -42.20 0.03 0.61  13.7  10.7 10.3 2.26   3.9 
 214988371869555968  89.0364  52.0229 15.6386 0.0008  5.75 0.04   2.4458   0.0705    2.70 0.04  -38.29 0.03 0.83 105.1  -5.2 10.9 1.07  95.8 
 122143479715593472  47.6590  29.5716 15.6922 0.0011  7.34 0.04   2.9892   0.0790   23.31 0.05  -44.28 0.04 0.33  23.1   1.3 13.1 0.34  55.3 
 117448530705462912  49.6711  25.7852 15.7163 0.0006  7.20 0.05   2.6542   0.0913   21.86 0.06  -42.82 0.04 0.68  16.1   3.8  8.7 0.71  18.7 
  68345956317106688  55.0151  24.5006 15.7200 0.0015  8.06 0.05   2.7267   0.0443   22.25 0.07  -48.88 0.05 0.48  12.3   3.3  2.7 2.18   5.4 
3014049448078210304  80.3291 -10.4884 15.7453 0.0006 11.87 0.05  -0.4419   0.1096   13.50 0.04  -52.16 0.04 1.05  91.7  25.0  6.8 1.07  83.6 
  67920926352940032  52.4949  23.3716 15.7542 0.0023  7.18 0.04   2.9028   0.0565   21.09 0.05  -44.16 0.04 0.40  10.1   5.8  8.0 0.51  11.7 
  53864804065393536  60.7083  23.5106 15.7807 0.0005  7.09 0.05   2.6599   0.1132   17.66 0.05  -44.68 0.03 0.40  10.4   7.5  6.1 0.54  15.3 
  51257621476724096  59.2082  19.9303 15.7861 0.0010  6.56 0.04   2.7304   0.0832   16.50 0.05  -40.29 0.03 0.22  20.6   9.3  9.9 0.72  24.6 
  69122520763444352  51.9762  24.9363 15.7863 0.0008  7.66 0.04   2.7832   0.1178   22.59 0.04  -45.39 0.04 0.82  11.4   3.7  9.3 1.18   5.5 
3338131496797543936  82.4033   9.9110 15.7972 0.0021  6.72 0.23   2.5256   0.1074    6.73 0.22  -40.00 0.14 1.02  70.7  17.3  8.3 1.12  61.4 
  64938569783224960  56.9804  23.3181 15.8481 0.0009  6.69 0.05   2.6909   0.0649   18.10 0.06  -41.40 0.05 0.16  13.9   7.7  0.7 1.19  11.4 
3380938405044145408 105.4583  24.7281 15.8700 0.0012  5.99 0.04   2.6165   0.0611   -3.95 0.05  -39.50 0.04 1.59 117.4  10.2  7.4 1.98  57.9 
  65486951208575488  60.3084  23.1749 15.8753 0.0017  7.06 0.04   2.7876   0.0832   17.75 0.06  -43.56 0.03 0.31  10.2   7.7  7.2 0.59  12.0 
1364704044166608896 258.7258  46.0750 15.9197 0.0007 15.62 0.03   3.2111   0.1080  -20.06 0.03  -11.19 0.04 1.84 166.1 -30.5  7.0 2.36  68.8 
  51311566265952768  58.9789  20.1317 15.9696 0.0007  8.58 0.05   2.8562   0.1085   22.01 0.06  -52.71 0.04 0.19  21.5   8.2  2.1 0.40  52.8 
 196621957841078400  89.2214  44.5812 15.9701 0.0013  8.38 0.08   2.9434   0.0891    5.30 0.06  -55.63 0.05 1.85  74.9  -1.5  6.4 1.86  39.3 
 348573537086742016  24.9319  42.7558 16.0288 0.0008  8.97 0.05  -0.2696   0.1092   35.14 0.05  -42.31 0.04 1.79  72.2 -10.6  8.4 1.79  39.2 
3289851975581037696  73.1598   9.2296 16.0364 0.0005 11.57 0.06   2.9316   0.1732   20.25 0.06  -69.66 0.04 1.65  63.9  14.9  8.0 2.12  29.2 
  63485427727244544  56.5413  21.0978 16.0403 0.0013  6.84 0.05   2.8233   0.0855   18.80 0.06  -41.83 0.04 0.21  12.9   8.1  6.1 0.65  17.2 
  62104028807382784  50.3124  21.8596 16.0547 0.0008  8.16 0.06   2.9018   0.1082   24.54 0.06  -49.68 0.04 0.60  19.3   5.2  5.9 0.81  22.3 
3221691841025198080  80.5417   0.8533 16.0706 0.0006  5.88 0.05   2.6722   0.1333    6.53 0.05  -31.10 0.04 0.78  92.3  21.4  8.7 0.98  91.3 
 495760176536731264  67.1727  67.9312 16.0773 0.0004  7.86 0.04   2.6711   0.1153   16.39 0.02  -43.26 0.03 1.17  99.4 -14.8 15.0 1.23  78.1 
  53563915834929024  61.6190  22.6165 16.0811 0.0008  6.57 0.06   2.8189   0.1212   16.04 0.07  -41.09 0.04 0.32  20.3   8.2  0.9 0.58  34.1 
3259100525136212480  64.4141   2.3182 16.0817 0.0016 12.06 0.15   3.3328   0.0123   27.67 0.46  -65.99 0.24 1.07  67.7  17.2  9.9 1.37  47.8 
  53029278307021696  60.3586  21.5856 16.1010 0.0010  7.47 0.05   2.8764   0.0935   19.10 0.06  -45.85 0.04 0.47  10.1   7.9  8.5 0.50  10.6 
 122767864881453568  47.0055  29.2419 16.1164 0.0013  8.56 0.05   2.9391   0.0776   26.57 0.07  -50.69 0.06 0.96  29.1   0.6  0.5 1.18  24.1 
3346428235446194688  87.9158  13.4737 16.1387 0.0007  5.17 0.06   2.6576   0.1438    2.60 0.06  -31.31 0.05 0.49 104.9  15.9 12.3 0.73 139.3 
  69218418793157632  52.2004  25.5757 16.1863 0.0045  6.89 0.17   2.9460   0.0802   19.42 0.20  -43.03 0.15 1.03  14.3   6.3  8.9 2.22   4.9 
  69763329884321152  53.0405  26.7090 16.2174 0.0010  8.88 0.06   2.9578   0.0888   25.39 0.07  -54.67 0.05 0.36  24.8   2.7  7.3 1.24  18.7 
3201033151410935040  68.6966  -5.2309 16.2220 0.0005  6.03 0.05   2.7334   0.1674   11.55 0.06  -29.40 0.05 0.77  87.0  22.4 10.5 0.94  89.6 
  67349764424286848  57.9898  25.8085 16.2271 0.0010  7.91 0.05   2.9541   0.1515   20.47 0.07  -48.88 0.05 0.28  10.4   4.1  4.5 1.33   6.9 
 131172772281894144  37.9168  28.8240 16.2296 0.0011  8.54 0.05   2.9741   0.1078   29.82 0.06  -48.66 0.06 1.22  42.5  -1.2  0.7 1.28  32.5 
  91825305572524160  28.6326  17.7323 16.2485 0.0007  5.71 0.05   2.3718   0.0713   22.28 0.06  -31.44 0.06 1.04  81.9   2.5 11.4 1.39  56.9 
1152022589427911808 120.4366  87.1470 16.2516 0.0006 10.62 0.04   2.8632   0.1590  -20.30 0.04  -44.71 0.04 1.01 127.8 -23.0  0.6 1.05 119.0 
5150459841457873408  35.2342 -12.7353 16.3150 0.0007  5.75 0.05   1.3077   0.1090   21.10 0.06  -27.33 0.05 1.69 117.4  18.0  5.5 2.17  52.9 
 119058490606226048  51.3616  29.1255 16.3311 0.0009  5.94 0.07   3.0768   0.1121   17.01 0.07  -35.73 0.06 0.98  37.4   4.4  3.1 2.26  16.1 
 117161145853735680  50.8290  25.4700 16.3376 0.0008  8.43 0.06   2.8990   0.1470   25.20 0.06  -50.86 0.06 0.40  20.9   3.5  3.2 0.65  31.0 
  69763329884321664  53.0430  26.7034 16.3477 0.0016  7.10 0.06   3.0141   0.0548   20.74 0.07  -43.68 0.06 0.07  11.4   4.1  9.7 0.19  31.1 
 963723182993311872  90.0979  47.3352 16.3635 0.0008 10.87 0.06   2.8113   0.1203    4.84 0.06  -72.81 0.05 1.17  80.5  -3.5  0.9 1.21  65.2 
  51874997255145728  61.6193  20.0436 16.3701 0.0012  6.94 0.06   2.9550   0.1056   17.34 0.09  -42.49 0.05 0.57  17.0   9.7 11.6 0.84  14.6 
2512644417501324160  28.9551   3.5866 16.3859 0.0008  5.30 0.06   2.5348   0.0826   20.80 0.06  -28.35 0.05 1.03 106.9   9.0  9.5 1.46  71.2 
  64297485783636352  55.0438  21.7459 16.4400 0.0010  8.25 0.06   3.0190   0.1021   22.47 0.07  -50.15 0.05 0.40  15.8   5.0  5.9 1.95   7.3 
  51838679011752448  62.4401  20.0777 16.4587 0.0009  6.89 0.07   3.2091   0.0913   16.40 0.08  -42.36 0.06 0.28  18.9   9.4 10.7 0.38  40.3 
  51020711079738496  56.6367  19.2916 16.4623 0.0015  8.06 0.08   3.0769   0.0922   21.79 0.08  -48.94 0.05 0.15  15.9   8.3  0.9 0.21  75.2 
  69707907626540928  53.8321  26.5529 16.4778 0.0011  6.34 0.07   2.8862   0.1069   17.88 0.07  -38.29 0.06 0.64  23.8   6.0  2.7 1.89  12.2 
  53255434104774272  60.0430  22.0379 16.4928 0.0009  7.86 0.06   3.0165   0.1347   20.46 0.08  -49.00 0.04 0.61  12.0   7.2  1.7 0.84  13.8 
  67747615832673408  54.3190  23.1844 16.5047 0.0011  7.99 0.08   3.0100   0.1393   22.17 0.09  -48.66 0.06 0.38  11.9   5.1  3.2 0.95  11.7 
  71036358190950528  54.4540  26.8624 16.5169 0.0018  7.79 0.07   3.0186   0.0889   21.24 0.09  -47.65 0.06 0.63  10.8   3.5  3.6 0.88  11.3 
 228579606900931968  63.1792  40.6902 16.5319 0.0008  7.03 0.07  -0.4024   0.1099   17.75 0.07  -42.86 0.05 2.11  42.6  -0.9 10.3 2.22  18.2 
 956675515320687104  96.1604  40.2252 16.5411 0.0009  6.35 0.06   2.6940   0.1118    0.15 0.06  -42.85 0.05 1.40  94.5   1.7 10.0 1.63  56.4 
1095209208714175616 121.7896  66.9508 16.5487 0.0005 10.05 0.05   3.0107   0.1845  -17.89 0.03  -55.93 0.05 2.07 118.7 -14.4  5.9 2.13  54.4 
  61917043110119552  52.0066  23.0783 16.5650 0.0010  7.13 0.08   2.9746   0.1521   20.50 0.13  -43.10 0.08 0.58  11.6   5.8  3.7 0.65  16.6 
3451873157193301632  89.8966  34.3710 16.5741 0.0008 10.34 0.06   3.1049   0.1255    6.71 0.06  -70.24 0.04 1.91  71.9   3.6 12.0 1.99  34.9 
  53140397701490176  61.1450  22.0461 16.5948 0.0008  7.31 0.08   3.0386   0.0864   18.34 0.07  -45.89 0.04 0.61  10.9   8.0  2.2 0.62  16.9 
 117179356515011584  50.4478  25.2960 16.6017 0.0012  7.26 0.09   3.2087   0.0889   21.96 0.11  -43.53 0.07 0.45  14.0   4.2  8.1 0.46  24.2 
 267585125492046336  81.4894  55.7709 16.6300 0.0010  5.49 0.06   2.7684   0.1516    5.77 0.07  -35.21 0.06 1.03 108.8  -7.2  0.4 1.38  76.9 
  67656665605333888  52.9578  22.8400 16.6392 0.0014  8.08 0.09   2.9043   0.0669   23.58 0.11  -49.76 0.07 0.41  14.6   4.9  7.1 1.06  11.8 
6814127346392920320 324.4664 -26.1055 16.6405 0.0007 10.50 0.07   3.0642   0.1431   34.22 0.07  -62.51 0.06 1.57 181.5   0.0  6.0 2.15  82.3 
  50229028348709248  60.3496  19.1422 16.6513 0.0010  7.68 0.07   3.0455   0.1141   19.15 0.08  -46.87 0.05 0.14  15.0   9.2  9.8 0.15  72.3 
  53174379482675456  61.3072  22.3049 16.6574 0.0008  7.31 0.07   3.2755   0.1543   17.19 0.08  -46.43 0.05 0.71  11.0   8.9 10.8 1.28   1.4 
 117874110425255424  52.2970  27.1645 16.6714 0.0029  7.14 0.11   3.2198   0.1032   20.16 0.12  -43.07 0.10 0.87  12.8   3.9  0.7 0.94  13.3 
  68577300435634432  55.3328  25.1135 16.6886 0.0012  8.21 0.08   2.9571   0.1152   22.26 0.10  -50.38 0.06 0.39  14.3   3.7  1.2 1.56   8.9 
 124165236784945408  49.9395  31.3363 16.7150 0.0017  6.19 0.09   2.9883   0.0793   18.97 0.08  -36.76 0.07 0.84  35.3   2.0  8.7 1.42  23.6 
  67736070960579072  54.4046  23.1826 16.7622 0.0015  6.92 0.09   2.9825   0.1070   19.38 0.10  -42.14 0.06 0.25  10.4   6.6  3.9 0.64  14.8 
 145260574251299200  65.9379  21.0386 16.7712 0.0008  6.17 0.08   3.1124   0.1249   13.32 0.09  -38.47 0.06 0.38  35.2   9.8  8.9 0.67  49.7 
 122293563052804352  49.1487  29.7554 16.7714 0.0021  6.75 0.09   2.9817   0.1116   21.14 0.10  -40.46 0.08 0.40  25.1   1.8 10.6 0.51  43.5 
 180141511197131136  67.3906  41.6529 16.7964 0.0022  5.35 0.22   2.2600   0.1204   11.18 0.22  -34.18 0.17 0.99  74.6  -0.3  2.7 1.61  45.2 
 139484113819289472  47.8916  37.4745 16.8040 0.0014  6.71 0.08   2.9568   0.1047   21.21 0.08  -38.09 0.08 1.66  40.3  -1.7 12.2 1.88  19.9 
  50443055159156352  59.8685  19.5113 16.8376 0.0011  6.66 0.10   3.3222   0.1408   16.66 0.11  -41.97 0.08 0.96  19.8  10.3  6.6 1.62  11.3 
3296647575916268544  62.1306   5.0877 16.8480 0.0007  8.70 0.07   2.9026   0.1639   20.29 0.08  -50.72 0.05 1.83  47.6  15.8 13.0 1.91  23.5 
 122123482347867520  47.5286  29.5713 16.8591 0.0010  9.19 0.08   3.1217   0.1018   27.81 0.09  -55.15 0.08 1.09  34.0  -0.1  9.7 1.69  18.9 
 119609655169509760  53.9360  28.8519 16.8640 0.0014  6.83 0.08   3.1580   0.1114   20.06 0.10  -41.89 0.08 0.40  17.0   4.3 12.2 1.34   8.6 
6907710083865474432 307.1964  -7.2779 16.8910 0.0010 13.38 0.07   3.2936   0.1056   30.84 0.08  -76.25 0.06 1.42 176.6 -13.3 13.7 1.98  86.9 
  63546038305742720  56.0105  21.2209 16.9057 0.0011  6.93 0.09   3.1055   0.1358   19.85 0.11  -43.70 0.08 1.15  11.2   9.2  4.6 2.20   4.5 
  53258732639653760  59.9995  22.0914 16.9497 0.0009  6.67 0.09   3.0791   0.1363   17.26 0.11  -41.31 0.06 0.49  16.9   8.6  3.6 1.04  15.6 
  53892669813156736  60.9566  23.7204 16.9778 0.0006  7.86 0.08   3.0650   0.1553   19.42 0.09  -49.52 0.05 0.37  12.3   6.6  6.5 0.58  17.7 
 123444098892039296  48.6666  31.1528 17.0012 0.0012  8.55 0.09   3.4674   0.0983   25.84 0.10  -51.28 0.09 0.87  28.9   0.1  8.0 1.09  25.0 
3452985377626738304  93.3464  36.2210 17.0276 0.0011  5.88 0.08   2.9062   0.1556    1.69 0.08  -39.71 0.06 1.53  94.5   4.3  2.1 1.93  48.0 
 190954593875868288  84.5561  39.6902 17.0358 0.0013  6.34 0.10   2.9035   0.1462    6.20 0.09  -42.67 0.07 1.52  74.5   1.9  9.9 1.77  40.7 
  51760270089541504  59.1616  21.5855 17.0560 0.0011  7.05 0.09   3.0914   0.0923   18.15 0.13  -44.08 0.07 0.49  10.2   8.2  3.2 0.65  14.7 
  63593798341985152  56.4457  21.7468 17.0873 0.0014  8.16 0.14   3.4814   0.1229   21.82 0.13  -50.54 0.11 0.45  14.2   6.0  2.2 1.21  11.3 
 942738861841692928  96.1537  35.5230 17.1190 0.0010  5.23 0.08   2.5960   0.1168    0.24 0.09  -35.33 0.07 1.44 113.4   5.0  6.3 2.06  53.8 
 120532175489096448  52.1631  29.4088 17.1199 0.0012  5.91 0.09   2.9653   0.1240   17.56 0.11  -35.57 0.08 0.64  37.8   4.0  8.3 1.77  20.4 
 435284288231087872  49.5899  47.6373 17.1422 0.0018  6.73 0.11 -99.99   -99.99     20.42 0.15  -37.98 0.10 1.29  60.9  -6.7  5.8 1.42  41.8 
  69420213536768896  54.4062  25.6970 17.1617 0.0012  6.65 0.11   3.0605   0.0886   18.03 0.14  -41.00 0.10 0.64  16.2   6.8  4.2 2.19   7.0 
  68364682374473856  55.4681  24.6992 17.1728 0.0014  8.07 0.09   3.2201   0.1317   21.98 0.10  -49.14 0.08 0.45  12.2   3.5  1.2 1.97   6.0 
3219772471680366592  88.0631   1.4959 17.1757 0.0012  6.37 0.09   2.7935   0.1179    4.08 0.09  -34.93 0.08 1.67  97.0  21.9  8.7 1.95  48.4 
  69573251811510912  53.2141  25.9156 17.1851 0.0013  6.96 0.10   3.1691   0.1311   20.16 0.10  -42.56 0.09 0.17  11.9   4.5  1.6 0.23  49.9 
 124939636568489216  51.6723  33.8391 17.2153 0.0020  6.43 0.14   3.0969   0.0797   18.57 0.12  -38.19 0.10 1.21  33.5   1.1  2.0 1.61  20.2 
  70143314231433600  55.8583  25.9783 17.2676 0.0012  6.27 0.10   3.1501   0.1214   17.27 0.13  -38.78 0.08 0.06  24.2   5.2  0.0 0.33  72.2 
  53251517094713728  60.2974  22.1771 17.2699 0.0010  8.06 0.10   3.1967   0.1066   21.03 0.14  -49.55 0.08 0.70  14.6   6.4  6.8 1.50   8.4 
 325276431881277568  35.0440  33.3299 17.2710 0.0014 11.48 0.12   3.4975   0.1680   41.77 0.13  -63.42 0.13 1.17  62.8  -4.7  0.8 1.50  40.8 
  51942307982163072  62.6889  20.3376 17.2727 0.0023  5.89 0.09   3.1741   0.0959   13.75 0.12  -36.49 0.09 0.20  38.5   9.5  2.4 0.50  75.3 
 153574359625935104  73.1633  26.4196 17.3004 0.0011  5.97 0.10   3.6551   0.1777   10.49 0.12  -39.06 0.08 1.00  50.6   8.5 10.7 1.48  32.8 
  71723862196809856  56.4199  28.5348 17.3455 0.0013  7.30 0.13   3.3200   0.1286   20.09 0.13  -44.75 0.09 0.56  10.6   3.8  3.5 0.57  17.4 
 157485769163964928  75.9402  31.4688 17.3480 0.0008  6.64 0.11   3.0478   0.1662   11.28 0.15  -42.75 0.08 1.96  48.4   6.0  7.8 2.21  21.2 
 285532900468805120  78.3020  61.5701 17.3515 0.0013  8.14 0.10   3.3253   0.1551   10.78 0.07  -49.48 0.07 1.38  89.8 -11.1  5.3 1.42  61.9 
 254137372434085760  70.6925  46.6531 17.3515 0.0011  8.53 0.09   3.2086   0.2080   17.09 0.11  -53.73 0.08 1.86  58.0  -4.1 12.4 1.87  29.6 
2976833556459704960  75.3879 -17.5272 17.3856 0.0008 11.03 0.10   3.2065   0.1734   15.90 0.07  -41.15 0.08 0.82  96.8  26.9  6.8 0.82 114.9 
 119776604841920896  53.6301  28.8420 17.3892 0.0016  7.23 0.10   3.2503   0.0945   20.99 0.11  -44.52 0.10 0.13  13.3   3.0  8.9 0.14  68.2 
 173649135551619072  71.1400  34.6207 17.3942 0.0008  5.64 0.10   3.0224   0.1603   11.16 0.14  -36.65 0.09 1.44  60.6   4.6  8.6 2.32  25.3 
  67429856973800960  59.1942  26.3500 17.4054 0.0010  8.00 0.11   3.4211   0.1315   19.98 0.16  -49.14 0.09 0.63  12.9   3.3  6.8 2.13   5.0 
  57319916274721920  55.1350  19.9082 17.4204 0.0011  6.75 0.09   3.1945   0.1513   18.43 0.11  -41.79 0.09 0.81  16.6   8.8  1.1 1.29  12.6 
  63094894941091328  56.7737  20.0102 17.4286 0.0013  7.56 0.10   3.3510   0.1505   18.95 0.13  -47.07 0.09 1.18  10.2   7.5  7.5 1.32   5.1 
  71321853256875264  54.2501  27.4498 17.4297 0.0013  5.99 0.13   3.1059   0.1667   16.70 0.13  -37.02 0.12 0.33  33.0   5.8  7.9 2.03  15.5 
  53014881576687872  60.1400  21.4527 17.4533 0.0011  6.94 0.11   3.1869   0.1460   17.51 0.11  -42.90 0.07 0.24  13.1   8.3  3.1 0.33  38.4 
  61484174830107776  52.2183  21.8074 17.4846 0.0012  7.39 0.13   3.1268   0.0840   21.05 0.17  -44.81 0.11 0.65  11.2   6.2  3.5 0.65  16.0 
 119443869432136192  53.0821  28.0619 17.4931 0.0015  7.69 0.12   3.2828   0.1408   21.11 0.13  -45.44 0.12 1.49  13.1   2.6  0.9 1.62   7.9 
 168047815299448960  56.9987  29.5605 17.4967 0.0011  7.29 0.13   3.3247   0.1504   19.73 0.15  -45.03 0.11 0.47  13.1   3.3  2.2 0.48  26.2 
 265774637862033408  77.3698  52.1174 17.5418 0.0013  9.22 0.13   3.3744   0.1812   13.45 0.15  -58.34 0.13 1.74  72.5  -6.5  1.4 1.74  40.6 
5112771851328728064  52.2598 -14.9977 17.5585 0.0014  8.43 0.09   3.1419   0.1165   24.48 0.11  -37.80 0.10 2.12  87.1  22.5  4.9 2.14  39.7 
 124667924053406976  52.9210  33.0692 17.5691 0.0014  7.08 0.13   3.2656   0.0976   20.93 0.13  -43.11 0.11 0.51  23.7   0.8 11.0 0.55  37.6 
3312102173916273280  65.2558  16.0334 17.5720 0.0012  5.89 0.12   2.8403   0.1537   13.51 0.15  -36.46 0.11 1.11  45.5  13.2  1.4 1.88  23.6 
3202549584102677120  64.9521  -5.1889 17.5886 0.0021  5.84 0.55   2.5934   0.1382   12.70 0.53  -29.69 0.37 1.67  87.4  22.6 12.6 2.15  39.4 
3287165147119337984  67.1784   7.9277 17.6078 0.0013  5.20 0.12   3.0761   0.1374   10.85 0.12  -29.85 0.10 0.67  77.8  17.0  9.8 1.20  62.7 
 121664981703811712  48.1066  28.1612 17.6222 0.0014  8.86 0.11   3.4111   0.1309   27.92 0.13  -52.24 0.12 0.75  29.6   1.1 12.5 1.24  21.2 
  68748751233818112  52.4480  24.2015 17.6390 0.0014  6.95 0.15   3.3496   0.1392   20.46 0.15  -42.63 0.11 0.25  12.6   5.6  8.3 0.60  15.4 
 149200811609894528  65.8549  23.5738 17.6590 0.0012  5.66 0.13   3.1288   0.0907   12.02 0.15  -35.60 0.10 0.22  46.7   8.6 12.5 0.66  66.7 
 241416405157376640  51.5109  44.3320 17.6603 0.0012  7.08 0.12   3.0820   0.1085   21.03 0.15  -41.21 0.12 1.11  50.0  -5.0  0.3 1.16  42.3 
 137148407525432960  44.6231  34.5323 17.7056 0.0014  5.29 0.12   2.9946   0.1623   17.68 0.14  -30.89 0.14 0.55  67.5  -1.0  6.6 1.09  60.3 
  69162201965316096  52.2821  25.3620 17.7371 0.0014  7.16 0.13   3.1452   0.1083   21.33 0.15  -43.53 0.11 0.13  10.8   4.6  9.4 0.22  24.2 
 334037271813170688  41.7258  38.8627 17.7422 0.0016  7.02 0.16   3.0981   0.1350   23.97 0.14  -39.60 0.14 0.96  47.4  -4.4  1.9 1.01  45.8 
  50429650564234880  60.2965  19.4003 17.7545 0.0012  6.94 0.15   3.3828   0.1796   17.14 0.17  -43.37 0.09 0.69  16.4   9.7  7.6 0.89  16.0 
 119499665350704384  54.1937  28.2516 17.7668 0.0019  7.69 0.15   3.3248   0.1008   21.26 0.20  -47.55 0.13 0.45  12.3   3.0  9.5 0.60  12.5 
  70768554094282368  57.2397  27.6404 17.8062 0.0012  6.92 0.14   3.3326   0.1698   18.23 0.18  -41.68 0.11 1.09  12.4   5.5  2.4 1.64   7.2 
 117846450835917568  53.2399  27.2887 17.8073 0.0016  7.35 0.16   3.3539   0.0912   21.04 0.17  -44.95 0.13 0.34  10.6   3.7  1.8 0.34  30.3 
 216632962090612608  56.7458  31.8940 17.8939 0.0013  7.59 0.16   3.3090   0.1857   21.12 0.20  -45.00 0.12 1.75  18.6   1.7  4.0 1.77  10.0 
  70472789763930496  57.3701  26.8475 17.9076 0.0013  6.74 0.16   3.3763   0.1418   18.24 0.16  -41.52 0.11 0.43  14.5   5.6  2.2 0.98  14.3 
  51781706269632256  58.8560  21.7808 17.9149 0.0013  6.35 0.15   3.1952   0.1614   16.68 0.21  -39.23 0.10 0.33  23.2   8.8  3.4 1.19  18.9 
 281474289516849024  80.8260  60.3497 17.9150 0.0011  6.35 0.11   3.3669   0.2116    7.26 0.09  -38.78 0.09 1.68 102.1  -9.6  7.4 1.97  50.6 
  51577476281360512  58.5681  20.9298 17.9188 0.0011  6.98 0.15   3.4322   0.1518   18.83 0.18  -43.89 0.11 0.96  11.6   8.9  1.0 1.30   8.7 
  51474495848610432  59.4046  21.0299 17.9189 0.0013  7.83 0.15   3.5394   0.1684   19.95 0.16  -48.90 0.11 0.52  12.1   7.7  4.3 0.70  15.8 
  52707671154543360  62.1618  21.7938 17.9739 0.0016  7.02 0.15   3.4720   0.1375   16.95 0.18  -44.08 0.13 0.52  15.1   8.6  4.5 0.60  23.3 
 200167711043353216  72.8210  40.0717 17.9754 0.0032  9.28 0.20   2.4602   0.0309   15.87 0.26  -59.94 0.20 1.20  52.1  -0.5 10.7 1.29  38.7 
1116722528101132544  91.4849  77.0027 18.0601 0.0013 13.57 0.11   3.7878   0.1891    4.60 0.10  -72.31 0.14 1.64 111.9 -18.8  0.4 1.64  66.6 
 273078113788754048  73.2802  53.5532 18.1096 0.0011  9.30 0.13   3.3500   0.1587   16.12 0.13  -56.52 0.11 2.19  72.3  -7.6  6.0 2.20  32.0 
1003788970095934336 103.4592  61.1812 18.1712 0.0017 10.78 0.16   3.8834   0.1657   -7.27 0.14  -68.39 0.12 0.78 102.1 -11.0 13.0 0.78 126.2 
  71359782111917696  54.6906  27.4621 18.2603 0.0019  6.70 0.20   3.5099   0.1228   18.95 0.20  -40.18 0.15 0.94  16.5   5.5  4.2 1.87   8.3 
3444519000658069120  85.1531  30.2224 18.3622 0.0034  8.83 0.20   2.6544   0.0607    9.35 0.23  -58.44 0.13 2.10  60.1   6.0  4.1 2.12  27.6 
 137461012424709376  47.3692  33.6256 18.3733 0.0031  8.52 0.25   3.8689   0.1635   26.01 0.29  -50.60 0.23 1.09  33.1  -1.4 12.0 1.25  24.1 
 978901043365272320 103.6190  48.6322 18.3780 0.0016  5.83 0.21   3.4107   0.1893   -3.65 0.21  -38.98 0.20 1.06 120.0  -3.3  2.4 1.35  87.1 
  51493432361309184  59.5427  20.9487 18.3884 0.0016  7.72 0.18   3.4005   0.1725   19.93 0.20  -47.06 0.13 0.37  11.3   6.6  9.6 1.60   3.6 
 257467861875845120  70.0853  48.1894 18.4119 0.0020  6.16 0.19   3.4750   0.1651   12.08 0.24  -38.44 0.15 1.68  72.6  -3.6  2.9 2.03  34.9 
  69794528526747136  53.1513  26.9694 18.4206 0.0020  7.81 0.20   3.6528   0.2124   22.37 0.23  -48.09 0.18 0.30  12.5   3.5  7.2 0.43  23.5 
  19817739313090688  39.5687   7.9651 18.4425 0.0020 12.50 0.16   0.7156   0.0983   43.61 0.17  -71.07 0.18 1.43  69.5   8.2  6.5 1.87  36.1 
 117770786396229376  52.0473  26.9269 18.4699 0.0025  7.20 0.25   3.5095   0.1108   20.71 0.27  -43.34 0.18 0.74  12.5   3.8  1.9 0.78  15.6 
  52599193163867648  63.6831  22.2612 18.4891 0.0016  6.94 0.21   3.7385   0.1857   16.67 0.26  -42.97 0.18 0.83  18.3   8.9  8.8 1.02  15.5 
3304063708829092480  63.1798  11.5549 18.5773 0.0023  8.13 0.20   3.5570   0.1385   18.77 0.24  -47.63 0.21 0.30  33.9  13.5  6.1 0.31 104.4 
5096267799542694272  61.6447 -17.9151 18.6084 0.0017  5.08 0.20   0.1040   0.1678   12.06 0.17  -20.13 0.16 1.41 133.0  26.6 10.8 2.06  62.8 
  51200343792868096  57.6412  20.3272 18.6290 0.0016  8.14 0.22   3.5121   0.2010   21.83 0.27  -50.28 0.17 0.46  15.5   7.5  1.9 0.79  19.1 
  84947409368770944  40.6686  20.1166 18.6517 0.0024  7.74 0.21   3.7151   0.1103   26.44 0.21  -45.79 0.22 1.19  36.0   4.0 11.5 1.19  28.1 
 160658199509606144  74.7769  32.6636 18.6685 0.0017  5.81 0.20   3.0085   0.1522    9.60 0.25  -37.82 0.16 1.26  60.0   5.5  6.5 1.81  32.3 
 123462648854617984  48.9348  31.1134 18.6759 0.0020  6.31 0.24   3.7291   0.1620   19.21 0.31  -37.93 0.24 0.69  33.9   1.6  6.8 1.04  31.1 
  53416031520105088  60.0341  22.5335 18.8204 0.0028  7.01 0.23   3.4108   0.1632   18.42 0.28  -44.09 0.18 0.83  10.9   8.2  0.9 1.11   9.6 
 233877118346354944  64.4828  46.7753 18.8439 0.0025  8.08 0.28   3.6119   0.2332   17.98 0.28  -50.72 0.20 0.73  54.1  -4.7  0.5 0.73  72.9 
  70761063671155072  56.8815  27.4495 18.8600 0.0024  6.96 0.28   3.6015   0.2208   18.29 0.33  -42.88 0.22 0.50  11.3   5.0  5.2 0.84  11.7 
  69313419173585792  53.0941  24.9928 18.8669 0.0030  7.82 0.33   3.5218   0.1222   21.56 0.39  -46.18 0.26 1.30  11.1   3.3  4.8 2.01   4.9 
2093702651637904384 283.5800  36.4640 18.9353 0.0021 10.03 0.16   3.7904   0.1468    7.02 0.17  -16.18 0.19 1.03 188.1 -30.5  9.1 1.48 124.2 
  68663470363446144  54.6147  25.5049 18.9642 0.0030  6.57 0.31   3.6613   0.1893   18.46 0.38  -40.23 0.25 0.19  17.6   5.5  1.5 0.61  28.2 
 515266784126713728  35.8705  64.6442 19.0457 0.0018  6.73 0.22   3.4517   0.2907   24.88 0.15  -27.30 0.20 1.89 104.3 -15.9 13.3 2.14  47.2 
  47521579747751680  64.8404  18.1947 19.1959 0.0029  7.57 0.33   3.3779   0.1372   16.75 0.35  -47.74 0.26 0.94  22.7  10.5 12.6 0.95  19.6 
 351038779593630080  26.1465  46.4481 19.2126 0.0033  9.50 0.41   4.0439   0.2418   37.44 0.31  -43.60 0.27 1.66  74.6 -11.9 13.7 1.67  42.9 
 191531798822506240  86.9200  39.8381 19.2454 0.0030  6.64 0.33   3.4839   0.2458    5.57 0.37  -43.84 0.22 2.03  75.1   2.0 13.3 2.26  31.9 
3421296112485935232  81.0044  27.4402 19.3835 0.0038  5.39 0.49   3.5115   0.2100    6.42 0.48  -35.35 0.31 1.16  78.7   9.0  5.0 1.80  42.7 
 117834940322217728  53.1483  27.0601 19.4134 0.0040  7.63 0.43   3.1814   0.1405   21.66 0.42  -47.14 0.34 0.43  11.2   3.4  8.8 0.56  12.0 
 122680346332491136  48.8537  30.7681 19.6235 0.0044  8.14 0.51   3.6654   0.2222   25.03 0.57  -47.17 0.38 1.39  25.2   0.2 10.4 1.58  14.2 
  71036250816160128  54.4442  26.8456 19.8978 0.0049  6.73 0.57   2.8662   0.1563   18.19 0.79  -40.45 0.50 1.07  15.3   5.9  0.4 2.02   7.4 
 118140050504302848  52.1841  28.0769 19.9291 0.0055  7.61 0.72   3.5564   0.2573   19.79 0.88  -44.51 0.58 2.27  13.9   2.4  1.5 2.35   5.7 
2779519318608873344  10.0151  14.5113 19.9383 0.0035  5.13 0.51   2.5655   0.2462   21.65 0.61  -26.68 0.39 1.56 137.6  -1.9  1.2 2.25  59.9 
  48936341975292032  62.9487  20.2809 20.0102 0.0054  6.96 0.64   3.0054   0.1596   17.09 0.90  -44.95 0.63 1.57  18.6  10.1  6.9 1.83   9.2 
4876633583026501888  73.6592 -30.1123 20.0513 0.0040 15.19 0.46   3.3819   0.2993   23.63 0.41  -37.25 0.49 0.92 113.7  29.8 11.2 0.92 120.2 
2883006349448527872  91.3667 -38.8154 20.0745 0.0044 11.69 0.44   3.0406   0.2061    3.00 0.46  -15.06 0.53 0.98 134.5  32.4  9.9 1.02 128.0 
 117448530704135680  49.6722  25.7851 20.1549 0.0063  7.50 1.12   2.7306   0.1392   22.63 1.12  -42.53 0.81 1.91  15.7   3.2 13.5 1.95   4.0 
5552812377749046272 101.2028 -46.1629 20.2695 0.0054 10.38 0.54   2.5872   0.2173   -4.28 0.69   -5.36 0.68 1.59 153.6  33.2 12.7 1.82  82.2 
2587694912255555840  24.0852  13.3250 20.5763 0.0079  6.77 0.88   2.3561   0.1561   26.43 1.25  -37.13 0.89 1.80  80.4   2.8  6.2 1.98  39.6 
